66,50,10,66
06,40,63,36,02,01,60,26,63
56,40,10
60,16,63,66,55,50,36
26,40,33,64
56,66,16,36,02,01,64,44,66,36,36,66,64,63
64,50,66,06,66,16
10,66,44,66,16
56,66,16,06,44,66,10,30,66 63 66 16
33 66 10 10
66 36
30 50 16
20 66 64 44 10 20 66 10
50 36 63
30 50 66 36 66 10
02 40 30 66
61 44
66 10 63 36 02 01 64 44 66 36 36 66 64 10
06 50 36 63
30 44

# 1 8
50,10,63,66,64,64,50,20,66,10,63
20,66,10,44,20
44,55
55,50,02,01

# 1 9
06,66,50
55,66,50,10,66,55
05,64,60,10
61,44

# 2 0
44,10,63,66,16,36,63,44,66,63,61,66,10.
56,50,66,64,64,66,50,02,01,63

# 2 1
01,60,36,63
30,44
36,02,01,40,10
56,40,10
30,66,16

# 2 2
26,60,55,50,64,50,66
26,40,33,64
20,66,01,40,66,16,63
44,10,30

# 2 3
55,66,50,10,36,63
30,50,66,36,66,16
05,64,60,10
33,60,66,16,66

# 2 4
50,64,64,66,20,60,64
40,30,66,16
36,40,20,60,16

# 2 5
20,66,26,60,66,01,16,64,50,02,01
60,06,66,16
50,02,01

# 2 6
36,02,01,33,40,66,16,66
30,60,36
50,36,63
66,16
10,50,02,01,63.

# 2 7
30,60,36
66,50,10,61,50,20,66
33,40,16,44,55
50,02,01

# 2 8
30,50,02,01
06,50,63,63,66
50,36,63
55,50,16
30,60,06,66,50

# 2 9
61,44
01,66,64,26,66,10
55,66,50,10,66

# 3 0
66,16,50,10,10,66,16,44,10,20,66,10
30,40,16,63
61,44

# 3 1
06,66,01,60,64,63,66,10
33,40
36,50,66

# 3 2
01,50,10,20,66,01,40,66,16,66,10

# 3 3
50,10
55,66,50,10,66,55
22,40,05,26.

# 3 4
66,36
36,50,10,30
06,66,36,63,50,55,55,63,66
55,60,66,02,01,63,66

# 3 5
60,55
33,66,16,22
30,50,66
56,66,16,36,44,02,01,66,10
55,50,16

# 3 6
66,50,10,66,10
63,66,50,64
55,66,50,10,66,16

# 3 7
66,16,50,10,10,66,16,44,10,20,66,10
33,66,20,61,44,10,66,01,55,66,10.

# 3 8
30 50 66 36 66
55 60 66 02 01 63 66
22 40 66 10 10 63 66 10

# 3 9
06 66 36 63 50 55 55 63 66
63 60 63 36 60 02 01 66 10
60 44 36

# 4 0
55 66 50 10 66 55
20 66 01 50 16 10
66 10 63 26 66 16 10 66 10

# 4 1
30,50,66
56,40,10
20,16,40,66,36,36,63,66,16

# 4 2
33,50,02,01,63,50,20,22,66,50,63
44,10,30
56,40,10

# 4 3
44,10,36,02,01,60,66,63,61,06,60,16,66,55
33,66,16,63

# 4 4
26,44,66,16
55,50,02,01
36,50,10,30.

# 4 5
33,66,16
36,50,10,30
30,50,66,36,66
55,60,66,02,01,63,66
66,36

# 4 6
36,50,10,30
44,10,63,66,16,50,16,30,50,36,02,01,66
55,50,63

# 4 7
61,60,44,06,66,16,22,16,60,66,26,63,66,10
06,66,20,60,06,63,66

# 4 8
33,66,36,66,10
30,60,36
36,40
20,66,10,60,10,10,63,66

# 4 9
66,16,30,56,40,64,22.
50,02,01
33,66,50,36,36
30,44

# 5 0
30,66,10,22,36,63
65,66,63,61,63
30,50,66,36,66,16

# 5 1
22,40,55,50,36,02,01,66
60,16,63,66,55,50,36
26,40,33,64
50,36,63

# 5 2
44,66,06,66,16,20,66,36,02,01,10,60,05,05,63.
